app_id
1717770
1718130
1719550
1719770
1719880
1720470
1720790
1721070
1722390
1723260
1725440
1725660
1725910
1726400
1726870
1727270
1728560
1730930
1730980
1732190
1733050
1733170
1733840
1734770
1735700
1735950
1736290
1736850
1737100
1737330
1737620
1740100
1740680
1740710
1740730
1742590
1742930
1743940
1744140
1744200
1745690
1745750
1745990
1746030
1748300
1750170
1751630
1754440
1755030
1755340
1756840
1758220
1760040
1760140
1761600
1761780
1762480
1763150
1765280
1766000
1767320
1767580
1769630
1771070
1771780
1771930
1771980
1772060
1772750
1777090
1777430
1777620
1777830
1778270
1778870
1779810
1780420
1782420
1783380
1783680
1785420
1786030
1787320
1787420
1787500
1788170
1788850
1789560
1790470
1791910
1797060
1797630
1797940
1798300
1799140
1799560
1800790
1801230
1804970
1805040
1808630
1809420
1809700
1810270
1811480
1812090
1812370
1812400
1813170
1813820
1814260
1814930
1815970
1816710
1817250
1819120
1819860
1820430
1821870
1822530
1822900
1825350
1825390
1825650
1825930
1828910
1829810
1829980
1830260
1830270
1831870
1832030
1832250
1834620
1835510
1835810
1837220
1837620
1838340
1839260
1840450
1840700
1840770
1844540
1844550
1845480
1847130
1848840
1849040
1849570
1850550
1853830
1854050
1855220
1856860
1857160
1857910
1859020
1861440
1865220
1865680
1868070
1871350
1871510
1872780
1873440
1873860
1874000
1874200
1874260
1875530
1877460
1879380
1879690
1880330
1881120
1881950
1884800
1887490
1889330
1889440
1892420
1895660
1895890
1896900
1898880
1900300
1900340
1900530
1900970
1902020
1902150
1904790
1905020
1908140
1908240
1908250
1908730
1909750
1909810
1910580
1910790
1912420
1912490
1915240
1915740
1917610
1917760
1917810
1918170
1919400
1919740
1921560
1922070
1923800
1926190
1926590
1926620
1927140
1929630
1930420
1930440
1931730
1931770
1931940
1933180
1933190
1933510
1935790
1935960
1938800
1939640
1939790
1941100
1941110
1941890
1942120
1943220
1943230
1945750
1946310
1946700
1946810
1947300
1947350
1948090
1949030
1949180
1949370
1950920
1951520
1952590
1953620
1954200
1956560
1959350
1959530
1960830
1961950
1965920
1965960
1967220
1967430
1967470
1967480
1973310
1973640
1975450
1976450
1977220
1977660
1978010
1979220
1986140
1986630
1987080
1987500
1987570
1988080
1988750
1990370
1991900
1993910
1994760
1995680
1995880
1996760
1997610
2000090
2002200
2003880
2004770
2008920
2009950
2011310
2015700
2017950
2019810
2019830
2020030
2020090
2020570
2020840
2022270
2022470
2023920
2025650
2050720
2051100
2051110
2052290
2053050
2054060
2057970
2058090
2058970
2060000
2060320
2060870
2063050
2063530
2063870
2065520
2067260
2067570
2067780
2067790
2069500
2069760
2069800
2071120
2071200
2072040
2072890
2074000
2074370
2075960
2077080
2077430
2078040
2078830
2079230
2079950
2081310
2081470
2081580
2082040
2084180
2088280
2089500
2090650
2091220
2091510
2091550
2091580
2091630
2092620
2094190
2094620
2094640
2094750
2095090
2095130
2095510
2098860
2099030
2100790
2104560
2105610
2106760
2106840
2107180
2107820
2109430
2110510
2110540
2110690
2114300
2115610
2115800
2116460
2116930
2117290
2118910
2120060
2120900
2121000
2121480
2121980
2124810
2128440
2128480
2128530
2128560
2129020
2129200
2130470
2130550
2133930
2137460
2137700
2137920
2139310
2140900
2142030
2142160
2142400
2143050
2143140
2143340
2145220
2145530
2147330
2147600
2148780
2153190
2153590
2154140
2155770
2156620
2156960
2157680
2158650
2159960
2160000
2161700
2162900
2166060
2167750
2168810
2172010
2172260
2172490
2175100
2176560
2177170
2179900
2180070
2180430
2180800
2181100
2181980
2182590
2183320
2184220
2186980
2187220
2189860
2193900
2193940
2194000
2194760
2195060
2195690
2196390
2197760
2198680
2200410
2200760
2200790
2201810
2206210
2211250
2213120
2214880
2215080
2216370
2219000
2220360
2220660
2222480
2222670
2222930
2223740
2223840
2224910
2226800
2228400
2228890
2229350
2230800
2231160
2231170
2231190
2231890
2231900
2232260
2232840
2233730
2234770
2234890
2236860
2240150
2242310
2243550
2243670
2246130
2246300
2249440
2251020
2253290
2253930
2254710
2256810
2256920
2258290
2258770
2259180
2259530
2260650
2262770
2265440
2266400
2269450
2270520
2271060
2271760
2272120
2272290
2277300
2279550
2280000
2280060
2283780
2286520
2286940
2290650
2291130
2291850
2294450
2294600
2295210
2295280
2295530
2296990
2297180
2298080
2301510
2302840
2303320
2305110
2307630
2308670
2309520
2310610
2310920
2311190
2314180
2316290
2319870
2321000
2322850
2323570
2325650
2326590
2328970
2329060
2330310
2330490
2331110
2331330
2332240
2333820
2334040
2336180
2336290
2337820
2338260
2339020
2339930
2342210
2343240
2346810
2365470
2367650
2368070
2370650
2371280
2372870
2374030
2376540
2377120
2377980
2380130
2380230
2380310
2380550
2380810
2380860
2381670
2382610
2382620
2383120
2383700
2391350
2391690
2392160
2394980
2395680
2397140
2398310
2399220
2400740
2401970
2404700
2405740
2405800
2406110
2410130
2412490
2412640
2414320
2415540
2416780
2419880
2420330
2420350
2421410
2422840
2423710
2425400
2426350
2426380
2428190
2428260
2429960
2430300
2430410
2431690
2431840
2433460
2434340
2434670
2439760
2442060
2455340
2456860
2459280
2459430
2461460
2461780
2462520
2463980
2464030
2468670
2469330
2469950
2474030
2474940
2475490
2475610
2478850
2479300
2481400
2484160
2484500
2485540
2485750
2489670
2491040
2492290
2492390
2493140
2495200
2495960
2496460
2497900
2498730
2499800
2502390
2506450
2506510
2506730
2508610
2509320
2510890
2513140
2513580
2514650
2515240
2515310
2517870
2519560
2520000
2522450
2522650
2522660
2527450
2528580
2532430
2533180
2533430
2539120
2539440
2541740
2544030
2544110
2545220
2546110
2546640
2549200
2550240
2552130
2553870
2553910
2555970
2557720
2557750
2558800
2559870
2560680
2560870
2562350
2562510
2564880
2565340
2571240
2571880
2573950
2576170
2577550
2579280
2587770
2588580
2590220
2592040
2593370
2596800
2602120
2603260
2604410
2604580
2608440
2613800
2614070
2614800
2615810
2618920
2620940
2621950
2622260
2623730
2625430
2627270
2628600
2629370
2629650
2632720
2634470
2636310
2636320
2636340
2636670
2637990
2643930
2644520
2644840
2648640
2649170
2653340
2658770
2658920
2659150
2659650
2666080
2666390
2667690
2670920
2672060
2674270
2675270
2679650
2684130
2686330
2688140
2693060
2693340
2700240
2706900
2707040
2707090
2710580
2714170
2719950
2720950
2727470
2734450
2734920
2736020
2737580
2738890
2741260
2741620
2742250
2742620
2758260
2760650
2762230
2764050
2767990
2769310
2773230
2775690
2777720
2777780
2778760
2779230
2781750
2784980
2789280
2796550
2799040
2799320
2800520
2803060
2803660
2804540
2809510
2812850
2813750
2814080
2814270
2817190
2819490
2820650
2821850
2824140
2825070
2826800
2829370
2830870
2837420
2840900
2841720
2843110
2843530
2844700
2846200
2846290
2846790
2849690
2849730
2850660
2850850
2852390
2852930
2858380
2858390
2862730
2866640
2876980
2878000
2880120
2882080
2889800
2892000
2894960
2903950
2907870
2911160
2913680
2916970
2922980
2928700
2930010
2930910
2933290
2947330
2947640
2949810
2952590
2956420
2966110
2967590
2973390
2975030
2976170
2983770
2987120
2990560
2999680
3001730
3005350
3005370
3015400
3015860
3016170
3018480
3026460
3026480
3034520
3036470
3037780
3042250
3044960
3046080
3046350
3052450
3057180
3058940
3064140
3070570
3077670
3079030
3089260
3094810
3096050
3101670
3101730
3103010
3111140
3113060
3125050
3132040
3133610
3134890
3135100
3143590
3146640
3162060
3175910
3175930
3195810
3197050
3205080
3206520
3207400
3212530
3217200
3223830
3227870
3232990
3261560
3261900
3266160
3269890
