 app_id  
---------
   31190
  300840
 1878910
  206690
   42220
 1970020
 1747760
  286100
    8980
      70
  312350
  218230
  275180
   67370
   22130
  254880
 1815230
   13520
  200910
  257750
   42670
 1749350
  322680
  327370
  233610
  262590
 1908870
  327220
  277110
 1824080
  240440
  205710
   70000
   41060
 1972710
   17480
 1819450
 1990260
 1921560
    7020
 1885690
  286280
 1722520
  262000
  286240
 1778500
  268240
  262940
 1839510
  280720
    2990
     440
    6030
 1916850
   96000
  255870
 1942010
 1726190
  202730
 1726760
 1955110
 1973580
   70600
  280680
  213330
    6010
 1936360
  294140
  286300
  294810
 1853200
  303690
   34810
 1863080
 1766100
 1966900
 1801650
 1865670
  332570
  220780
 1748230
 1987980
 1789490
  230270
  209950
      10
  278890
 1771070
  252870
 1961760
  334230
   22120
  225280
 1893370
  330180
  231160
   25830
 1763030
  264220
      50
 1953540
 1902300
 1813430
 1778210
   33900
  205830
 1951940
 1888060
  251060
 1803410
  243970
 1835060
 1752150
  238050
  219200
 1801660
  307110
 1762270
 1960270
 1817800
   93200
  232770
   41700
  297370
   57300
 1910860
 1876560
    6090
  271550
   91800
    9050
 1760240
  319170
  281990
  304410
   31850
  242700
   19830
 1924140
  272040
 1812370
 1768920
  281280
  227260
   71250
   16900
 1742450
 1757490
  326460
 1768470
  294000
 1920660
  210970
   17330
 1849890
  275200
 1937500
   13620
  244450
 1739300
 1965800
  263300
   80340
  253900
 1736630
  220240
 1765560
  328080
    6910
 1866630
 1850740
 1843760
  285440
 1842690
  332800
  294540
 1911360
 1892950
  270880
 1929360
 1923670
  289950
 1829980
   15930
   17500
  331460
 1903620
 1847120
  108710
   71240
   49600
 1986840
  242780
    4760
  302130
  333260
   44690
 1955230
   35450
 1772830
  333420
 1717090
  303430
  250260
   24880
  323190
 1740720
  224280
 1863670
   56400
    1250
  283880
  214590
      30
  316600
   22180
 1905530
 1825930
 1755880
  266010
  241540
 1968430
    6980
  216890
 1962430
 1766390
  259060
 1946430
  298600
  242920
 1817230
 1956600
  220700
  254440
  245170
  115800
  285160
  203630
  213650
 1731200
 1740300
  299540
  268500
 1792250
  209370
  278360
    2800
   15750
  252670
 1762550
  327560
 1757610
 1921770
  311340
  300550
  211340
   15390
  312560
  311720
    3300
   24240
 1842730
 1799930
 1973320
 1748300
   44350
   15320
 1876730
 1843730
  312530
  283640
  222440
  215530
 1764700
 1917550
  273570
   55140
  252550
  237990
 1724050
  235460
  283920
  307070
 1895820
    8890
 1985610
 1988550
  275670
   18110
  247750
  241410
    8400
   15130
  259780
 1913420
  263760
  286480
  294650
 1764390
  285540
 1793030
 1779180
  326150
  270110
  260790
 1745310
  206020
   33570
   19800
 1903910
   25800
 1903730
  258520
 1920400
  315460
  243780
  314500
 1772060
 1946140
  200510
    9940
 1768280
  262830
  242760
  290890
 1974520
 1985260
  248860
 1761780
 1827450
 1978590
  274350
 1939790
 1798010
 1861880
  241910
   57640
 1835240
 1817940
   45400
 1857650
 1812930
    4570
   22000
 1949960
  250110
  270490
 1882240
  220090
 1783280
 1961370
  301320
 1719180
  306640
   40350
    3130
  250700
 1767220
 1861440
     240
 1879330
 1932680
 1944430
 1856900
  246900
 1829470
    2700
  327880
 1800790
 1812180
 1918450
   58560
 1720560
  331160
 1919550
    6020
   13630
 1945220
  321560
  293880
   39680
  224760
  254840
 1960480
  232790
 1853830
 1882140
 1959390
  207570
 1785420
  288370
  283680
  332330
  260190
 1972050
 1922010
   15190
   61510
  257510
 1985680
  259870
 1906230
  224040
  277890
   94300
  245390
 1801110
   65540
  313020
   33600
   38400
 1969060
  224300
    4700
  314450
   21130
 1820940
  292910
 1732420
 1941110
   38740
  259530
  205230
 1850960
   31270
  318130
 1968710
    8870
 1735700
  223730
 1789650
  314070
   50620
  294720
 1985050
  273750
  268750
  238090
    3350
  213610
   63710
   63610
  228380
 1737070
  312840
  240970
  264380
 1888330
   29900
   39150
  323470
 1953860
 1875950
  209790
 1815570
  333930
   35000
  223280
   80360
 1949010
 1843940
  221260
 1894600
  334660
 1817470
 1922060
  312540
  301970
 1867740
 1847510
 1765780
  225300
 1939160
  269270
 1937750
 1868020
 1883840
 1750740
  297120
  229480
 1748390
  266410
  248190
   39190
    1630
 1727420
 1767840
  282400
 1775530
    4000
  311240
   22320
   32760
  278460
  205730
 1944570
  285800
  282900
  242820
    2600
  115110
   38600
   40330
 1824960
    8600
 1919460
 1893810
  269250
  263060
  331500
  108600
  202970
 1810820
   21690
  310080
  285310
   99910
    6420
 1837230
 1889740
 1720850
  209190
   10680
  230290
   17390
  323670
 1879640
    7660
  233550
  250760
 1876880
 1735980
  293240
 1993150
  238370
  252890
  260570
 1826860
    3720
  324710
  314970
  284730
  299660
  218680
 1954640
 1917450
  305620
 1721530
  320610
  290340
    8000
 1874720
    4920
 1931010
 1926620
 1899060
  108500
   48720
  266230
  282530
  264160
   25700
 1955340
 1740680
  233350
  271820
   99300
 1956960
  281640
 1896700
    6850
    3710
  319760
   94530
   21090
  255390
    7670
  275850
  214770
  203350
  277680
   33930
 1967510
 1960590
  319400
 1979440
  327030
 1983970
 1872790
 1846460
  306020
   12900
  211260
   70400
 1865060
    6860
 1960920
 1802720
 1931940
  253750
 1773890
   35700
  242550
  301300
 1742930
  257850
 1829540
  251370
  241600
  210550
   40950
   34220
  275570
 1978150
 1984190
 1837220
 1733170
  235600
 1970060
   18040
  238070
  105600
   58200
 1892790
  262410
  204880
   23530
  332260
  328730
 1893620
  272510
 1907000
   15210
  328760
  289440
 1902870
 1862520
  321360
   15710
 1863750
   26900
    3010
 1770400
 1783360
 1730680
 1823930
  284160
  269050
  224980
  294100
 1768780
  322500
 1989270
 1933820
  243040
 1978720
   51060
 1777830
 1721870
   22500
    3170
  206370
  293660
  236450
 1720090
 1769170
    6220
  237570
 1828640
  282010
  212680
  331670
  251630
   55150
  242640
 1882500
  296710
  261640
 1722870
   40400
  284850
  265890
   97120
   64000
  259980
 1789090
  207320
  326840
  228280
   39500
 1859370
  277390
 1990050
    7940
  234160
 1715690
 1949980
 1948280
  280560
 1990740
 1762480
 1817070
 1985930
  321480
  218410
  227000
  224260
   94520
  292600
   42890
 1778270
   41000
  284750
  327410
   98300
   31220
  310790
 1770390
  258760
  330720
    6040
  281920
    6060
    4800
   96100
 1819160
    2200
 1983710
 1889040
  292410
 1890520
  251730
   15700
     340
  303550
  335000
 1909420
  233410
  321290
  249330
  251870
   48700
   20530
 1983260
  274270
   13570
  275100
 1835870
  207170
   38440
 1938850
  214790
  307580
    3830
  255300
 1975280
 1801850
 1961520
  208750
 1937470
  274520
  234270
    4500
  203140
 1818690
   94200
   21000
    6310
  274940
 1934800
  300570
  252530
   22100
    9420
  319450
  219150
 1934680
  243200
  265610
   51010
   47780
  253790
  233470
  266110
   18000
  301830
    3590
  304650
  234650
 1823950
  250900
    3483
  241930
 1715590
 1933740
 1767170
 1902850
  284260
  207350
  320430
 1727210
 1859270
 1854980
 1744330
   31800
   11280
  301190
  236090
 1718160
 1761390
  223810
   15520
 1932260
 1882280
 1983270
  284890
  233980
   40960
 1895860
 1866180
 1786670
  327930
 1822450
   48950
   80310
  292930
  255710
  286320
 1781260
   33680
 1886070
 1783110
 1802980
 1765350
  248170
   16450
  302750
  264710
  260530
  205870
   15240
   91600
   12330
  210770
   47890
  332200
  244430
 1983000
   39210
  319320
  238460
  209000
  252370
   51000
 1787860
 1718870
   33620
 1803550
  282800
 1876890
    1640
 1737100
  264340
  200010
    1520
  252010
 1888010
 1854250
  204390
  204360
  312610
  248570
  224960
  319080
 1835810
  311010
   19680
 1831830
 1775490
  317030
  286660
  271360
 1850270
  248390
   38120
 1851910
  275390
 1722840
  288080
  272330
   35300
 1913490
  328070
  314230
  235210
 1747830
  332480
  204630
 1885750
  299720
  262550
 1960830
 1787500
  242680
 1731520
 1724140
  202170
 1940040
  204340
    8850
  249590
   46510
  313480
  308040
 1947070
  287630
  239800
  245430
   61600
 1978100
 1728660
  317710
  321840
 1929900
  304930
 1888070
  230230
    9010
   32630
  297860
   40930
 1875060
 1770600
  220460
  323490
  313690
  244710
  113200
  282440
  253840
  205020
 1732050
  330830
 1935660
 1733060
  303310
  317510
    4560
   92800
  287390
 1800940
 1769320
  250180
  251130
 1955330
  233130
   46480
   13560
 1781030
 1823710
  268770
 1796180
   48900
 1807930
 1772050
  228360
 1895630
 1818180
  231120
  203830
  334300
   17120
 1946070
  288930
  284830
  311690
 1808900
  233800
  257030
    7620
 1771700
   12500
   16810
    1840
 1949190
 1972470
  276890
 1722620
   63900
  325930
 1874170
  254480
  205100
   65270
 1769270
  294730
  251830
  253110
  221910
  289130
  287450
 1902020
  252330
 1923690
 1724320
     500
  319630
  111600
 1732330
  327310
 1985960
 1788780
 1806700
 1928540
   18020
  102810
  299400
   42200
    6000
  329860
 1828690
  259680
 1967630
  313160
 1805200
  223850
 1991300
 1976230
 1902710
 1805480
 1912750
 1990590
   25000
    4580
 1909810
   11450
 1929870
  277700
   20510
    2210
  272600
 1920780
   32330
 1981500
   17580
  219190
    8800
 1961160
  287980
    3410
  221380
  241240
 1922560
  245450
 1830970
   42850
  310390
  240340
 1814170
  252410
  207490
  251570
 1758920
  205910
 1975670
  247140
  270450
   38720
 1924910
  285900
 1856480
 1717770
  228180
  239070
   91200
 1881120
 1854130
 1771980
  235800
  236430
  294590
  323320
  283960
   40320
  305920
  306660
 1730360
  285330
 1781350
  254700
 1808130
  261700
 1950450
 1839930
 1866880
  277460
 1786790
 1977110
      20
  261550
 1818280
 1732390
   94500
  280220
   15120
   20570
  258010
  205840
   16130
 1730590
 1968730
   32720
   32440
  237850
   18420
 1956800
  280910
 1924360
   46460
 1715460
  295790
    8790
   72000
    3330
   32160
   24780
  257260
   70900
 1766790
 1920100
    1610
 1967260
 1863290
 1732060
 1766540
 1825740
  286160
 1897650
  230350
   32620
  308600
  317250
   39000
  242050
 1743080
  327400
  252950
 1921980
  266130
 1931020
  314410
  222420
  265690
 1927720
  266840
 1763830
  279800
  289200
 1797930
  265210
 1787760
  285420
   17100
  322770
  248610
 1808680
  208200
 1768650
  283840
  233290
  218760
    3620
 1787120
 1895350
  233720
 1965610
  249130
   10500
  323630
  200260
  211740
  115120
 1944250
 1715730
  203160
 1985810
 1892030
 1833490
  227100
  233860
  304910
   17410
  306130
  313730
   61730
  314470
    3310
 1916290
  223470
  292260
  310510
  325610
 1777750
 1840920
   11190
  288160
   41500
  249950
  247350
 1986310
 1727180
  263980
 1969080
 1861290
 1750200
    3450
 1729300
  269950
   23310
   17440
   65800
  284710
 1733500
   31910
 1721470
  214560
 1719390
  274900
  247430
  284050
  201810
  302510
  294530
  288060
    1530
 1801470
 1890950
 1860760
  222750
  268910
 1849310
   45000
  205950
  244160
  201790
 1786010
 1932230
  267530
  227580
 1803600
 1949770
 1745170
  251270
  282140
  329430
  301610
  219950
 1779460
  316080
    9350
 1883260
 1777430
  269170
 1819460
  110800
   32360
 1934030
 1880330
 1734320
 1784780
  250320
 1896170
 1732750
 1918520
   15370
 1858750
  279940
 1912340
  300380
  217290
 1924780
  280180
 1848710
  302610
 1984350
 1975360
  296490
  270630
 1883580
  301120
   48000
   20820
  214970
 1741640
  270010
  208600
  285740
 1983690
 1966070
  316260
  200080
  209230
  202670
    3020
 1736550
  290510
 1747890
  262390
  257970
 1916970
  235320
  297590
  227600
  201870
  230410
  287070
 1859290
   31860
   22380
  276340
   31500
  325120
 1957990
 1920540
  324080
 1812090
  223830
   34270
  269650
   29180
  334920
   62000
 1883090
 1937720
  249870
  328470
 1964200
 1810960
  225160
    9310
 1962890
 1927740
   91700
  307340
  295750
   31170
    1510
  314020
  246620
   12320
    7200
 1932570
  208140
  288120
   42700
 1725640
 1938630
   31280
 1957230
    2400
 1979410
 1968320
  265170
  255960
 1990900
  203750
 1961300
  334540
  312520
    2610
  266250
 1959530
    8930
  206500
   34330
  324570
  265470
 1719310
 1866980
  314660
  287020
   31830
  294860
 1725440
  287900
  243450
   16600
  238530
 1788850
   31100
     220
 1966130
   15270
 1991980
 1925010
  270230
   25990
     400
 1724190
  310740
  281450
 1970460
  282030
  262450
  200710
    2630
 1986880
   41050
 1995870
   22370
  269490
  214490
 1956370
   40700
 1923790
  266510
  250400
 1765150
  202290
   10090
   63000
 1726750
   16040
  108800
 1826570
  226820
 1885110
  233270
   78000
 1793660
  296220
 1790370
 1921900
  313400
   33520
  273840
  209060
   73170
  282590
    3900
    3430
 1931690
 1755100
  262240
   15100
 1918530
 1900340
 1758950
 1862840
  298630
    6830
    4870
  219640
 1888160
  284240
  265000
   94400
   13600
  222940
  308420
  248330
 1972820
 1836160
   40980
  233310
  324160
  241320
  231350
  329050
   39540
  271670
  262470
   33120
  223750
  321800
 1985360
   40800
   23400
  236930
     320
  270550
  250600
  238960
 1933650
  211440
  248730
  234390
   31820
 1783680
 1832050
  283980
    7000
  224460
 1797300
  262260
  207530
 1841640
  264080
  296470
  290690
 1889640
 1732180
   11480
 1987080
  293740
 1952910
 1820060
 1988540
 1904540
 1715980
    6200
 1990110
  302710
   95700
    6370
  251110
  296870
  260730
  294670
 1972440
 1752250
 1967430
  298520
   40100
  211820
 1952170
 1984790
  234710
   12710
 1843090
 1924400
 1871510
  289360
  286000
  244210
  250380
 1929420
  300300
  322170
 1985420
  282070
 1856030
  333300
  284870
 1853760
  234350
 1899810
 1798780
  329130
 1812560
 1802850
    3910
   43190
   40300
  267920
 1851280
    7830
 1740070
 1933980
    6800
 1848960
  107300
 1886830
   15080
  245280
   46500
   21800
 1840350
 1883800
  283160
 1859360
  250520
   57200
   34190
  237740
  204180
    3380
 1743850
  207750
  252750
    3920
  293760
 1909770
   58570
 1794470
 1972410
  257170
 1839820
 1803390
 1843110
  244870
  251210
  210230
  215160
 1958220
 1860860
   24720
 1829420
 1827940
  247080
 1850550
   31840
   32370
 1830910
  207080
 1975180
  310700
 1895880
 1850510
  249050
  210470
 1723260
 1853410
  247240
  214340
  241300
  225540
 1808780
  325520
  280010
   22200
  292500
  243800
  214170
   98800
 1728830
  235900
  221640
  294680
 1801230
   22300
    1700
   10110
  235980
  218740
  268050
  230070
  254940
 1981820
   22600
  214950
  307690
  288840
  257990
  264200
   32770
  262060
 1718130
  312370
  274190
 1877710
    7650
 1865930
  227080
  254460
  257420
 1763050
   72850
    2390
 1918300
  294550
  250050
 1798020
  333250
 1959350
  283290
  332950
   99900
  252130
 1895890
  315830
  212050
 1880710
  271970
  287310
  322450
   71260
   35800
 1945260
  259410
  243220
   32450
  208400
  264560
  283820
   46270
  321410
  265930
  246420
 1897110
    2310
 1751630
 1747050
  284770
  290300
  318530
  254960
   65400
  206420
  200210
 1916270
  292030
 1721170
    3730
  241260
  234900
  264690
 1849000
  284180
 1837650
  308173
   15300
  329970
   31890
 1878740
  254820
  269030
  208650
 1768880
  226840
 1859280
  268650
    8190
    4780
  334940
   29130
   63700
 1871310
  247910
  234190
 1807090
  324680
  296570
  295630
   25600
   95400
 1951230
 1961950
 1919140
 1958600
  301650
  302350
 1917920
    7760
 1859470
  290380
 1989070
  272620
   11020
  229870
 1790600
   38410
 1724000
   49520
 1779560
  251470
  113020
  211600
    4890
 1885540
  310490
  204300
  246840
 1961790
  301640
   50280
   16100
    2620
    2320
   17020
  225320
  233450
 1944240
 1993180
 1925320
 1750710
  219890
  318970
    4720
 1949000
  278080
 1750570
   20500
   12690
 1860570
   31920
 1777390
 1984610
  311800
  290100
 1796870
  211900
    1200
   24420
 1717570
  270210
   38700
  323850
   10150
 1793250
  279070
  221810
  334310
  248820
   35110
  284390
 1949030
 1794780
  287700
    3480
  213670
 1980530
 1983220
  262850
  239820
  102600
 1811950
 1896880
  286260
   91900
 1868180
      60
    9060
  270850
  200900
  112100
   39800
 1811990
 1836860
  251990
  302590
  262210
  312980
 1948980
 1890740
  298400
  268220
   47810
 1777000
  333980
  256460
 1727000
  208580
   33100
 1933660
 1870310
 1829910
  239700
    6080
  250500
  222980
   32150
  252030
 1840490
  288470
  247020
 1968630
  304430
  262690
  286460
  250620
   20540
 1742610
  230190
 1722760
  261030
  315810
 1977530
 1887840
   57690
   15380
  216260
   31700
  333600
   35140
  322330
  274500
  257790
 1941410
  330020
 1760330
 1918040
  278420
 1892420
  286690
 1840610
  232970
   34010
 1954750
 1939970
   39510
   21980
  291710
  302490
 1850570
 1834820
 1807750
  220860
   50130
  286540
  249680
  314160
  234140
 1797680
  306700
  218640
   62100
  251290
  248970
  325260
 1965190
 1748620
   33770
  217200
  273580
 1945250
    6810
 1868170
  270150
 1801640
  233740
  292780
 1920480
 1945230
 1978330
 1882040
 1811600
  270510
 1829650
  308330
   17460
 1730250
 1971650
  299110
  204240
 1904790
 1878570
  209830
  203210
   40380
  307590
   18050
  244730
  227220
  221180
    1500
  294440
  270130
 1983990
 1733110
 1737340
 1910680
 1839950
  211010
   34030
  331870
  331470
  331440
 1915740
  314330
  301150
  246580
   47000
  302080
  261510
    1300
  225080
  102840
     550
    2640
 1762570
 1910600
  302110
  291860
  289300
  215710
 1846920
   23490
  263880
   37000
  327390
 1789470
  207690
 1950570
   40970
  285820
   42680
 1812060
 1919750
   50000
  322290
 1785300
   32470
 1814010
  285920
  239030
 1954200
  232910
 1917630
 1914970
  259810
 1746030
  102500
 1769420
  115100
  323220
  219740
 1960900
  322210
  264060
  317040
  326480
  235820
 1911390
   94590
  266390
   12140
      40
 1898290
  305380
  254320
 1732740
  311190
  304240
  257710
  236850
   47870
  239430
 1759380
 1766720
 1739070
  231740
 1866320
 1964360
  297760
  255320
 1766010
    6120
  238320
 1731070
  321190
  311930
 1995880
 1857580
 1773700
 1933770
 1870300
  263020
 1924180
  262280
  204120
    9340
  275830
 1822910
   60350
   32640
   10180
    2910
 1898500
 1720160
 1796790
 1750770
 1813820
  222880
 1833300
  313470
    6300
  224480
  200960
  232010
   45450
 1791790
  312660
  303590
   40720
  299680
 1971770
  260750
  273500
 1894430
     219
  234080
   35720
  311210
 1836730
  206190
  278100
  326410
   70300
    6400
 1955830
 1843470
  319850
   55000
  259600
  300340
  202690
   37600
  283940
  294570
 1867530
  269330
 1814710
  258970
   71230
  239120
  238010
 1805930
  311560
  285110
  219990
  307780
 1915510
 1735670
   55230
   35130
  322110
   34050
     730
 1764530
 1939940
 1733250
 1891620
   90200
 1722020
    3390
 1933990
 1790490
   22330
  281750
  298360
   17740
 1952760
    2710
   35030
 1836120
 1759350
  311870
  268400
 1826910
 1899620
 1802870
 1846020
  220440
   43600
 1864790
 1735950
   31260
 1726400
  271900
  251430
 1756180
 1851730
  107410
  219830
 1838970
  307940
  226620
 1927140
  302690
 1947530
  327140
 1958860
  280160
 1978010
 1939560
  219780
   12640
 1730260
  292800
  269670
   70620
 1848270
  288220
   63660
 1921740
  232090
 1811500
 1727520
 1849570
  316610
  262790
   99700
  301200
 1785120
  319870
  221830
   32750
 1858500
     630
  292240
  297490
 1737870
  307640
 1977170
  331970
  320150
  224820
  253290
 1814770
  239140
  203510
  235660
   32680
 1731870
  217120
  263820
  266210
 1881200
  303210
  206440
   16180
  218620
   37260
 1830720
  314180
 1740850
 1980390
  311480
 1761290
 1749630
  285500
   42960
  298030
  201420
 1841390
  333760
  207610
 1968840
 1785000
  284460
  238210
  319510
 1755030
  331480
  326720
   57000
 1946550
  310360
     620
 1921780
   97110
  332400
  277490
  202410
 1917090
  270790
  274700
   33230
  320300
  290730
 1876590
    2360
 1952930
  220820
  332380
 1923680
  209080
   63910
   32340
   12810
   24790
   12360
  287260
     300
 1724770
   32400
   98400
  253430
  253030
   70640
 1771360
    3560
   50990
 1811740
 1822710
 1860350
   20920
  290770
 1837330
  311770
  221540
    2820
 1970980
   24810
  317320
  303290
  237930
 1903370
  303610
   13500
 1832950
   40990
  260160
 1921760
  233190
 1724440
  204100
   15620
  283080
  291550
  294230
  265630
  251150
 1901950
  253230
     380
 1768640
   97000
  235540
     130
  222660
 1754720
  296240
  228760
  243160
 1883000
  282760
  230050
 1824220
 1780370
  216090
 1736300
    3990
  312750
 1931770
  116120
 1718910
 1716120
  270610
  252110
   39110
   12150
  329320
  259550
   80330
   80350
 1869270
  225260
  275290
 1915380
  242860
  249630
   61520
   41070
    2270
  324140
 1942120
 1929610
  312780
  220740
   10100
     420
 1834870
 1807080
 1804170
  320140
    4850
 1906020
 1795430
  294160
  104200
 1787160
  332610
  252610
  207020
    2100
   40340
 1885030
  313500
  228300
  227200
  229950
  313340
 1797610
 1970580
 1763510
  331750
  214730
   16120
 1872860
  295690
  227300
   45760
 1734680
 1859860
 1785150
 1966220
 1766740
 1748610
  302790
  256370
 1745480
    3320
  281860
  210950
  320760
  263740
  220260
  299070
 1901370
  107600
  298560
 1942110
   63380
  240760
  257350
    7800
   33130
  329690
 1941840
 1819230
  333640
  315840
  223000
   34410
   47540
  327740
  248550
 1861970
 1849820
 1829620
  307230
  284950
  244850
 1958340
  310060
  318430
 1897120
  235250
 1776970
 1754460
 1848520
  220200
  325150
 1930640
 1950440
  289420
  297110
  314790
  252490
   12200
 1890120
 1963510
 1767560
 1958390
 1804270
   91100
 1851610
 1773320
  212800
   21780
    9450
  261570
 1839880
  203770
  314650
 1778330
 1783800
  324070
  328920
  225840
  316790
  252710
      80
 1745510
 1841250
   48190
 1966720
    2500
   38130
  252630
   39140
 1805130
 1879380
  302380
  233150
  204440
  252310
 1949370
 1718570
  303680
  204450
    3360
   45100
   12210
   24800
  299030
   42910
 1845670
 1894720
    9760
  234670
   18500
 1902650
 1932160
  269770
 1874490
 1779200
  204030
  107310
    6510
 1755580
  334560
   22230
 1822550
  332580
  246960
  268130
  248310
   25900
  231200
  290320
  107200
   15170
  268990
 1825210
   32510
  330390
  314030
 1986010
  200170
 1873030
  227780
 1850160
   26000
  290260
  292990
 1878070
  312670
  319250
 1755350
 1896390
  107100
   57400
 1953970
  260230
   41300
 1859580
   97130
  228960
 1854970
  257690
  304050
 1901340
  324800
   31810
   31200
   65300
  259080
  230860
   31880
 1970160
 1952370
  280930
  212480
   39530
 1817000
  219910
  298110
  291650
  243360
  293780
  204530
  239350
 1730700
 1865010
  323380
   35320
   31290
 1811040
 1731260
  214830
 1834920
  261180
 1838290
  233700
  322130
  240720
  239250
 1944060
 1847240
  293680
 1771180
   17470
  256290
  263400
 1894080
  319480
 1846170
  296970
  230820
  274170
  207140
  300400
  233680
  218060
 1898610
  214510
 1986230
   98200
 1918130
 1745790
  294660
  271920
  239090
  266490
 1889930
 1846630
 1866430
   12180
  255520
  263940
     570
  289070
    3540
 1775550
 1906830
   55040
  331920
    9180
 1968340
 1843540
  216290
(2624 rows)

